  1.2995762e-005  7.6155624e-007  4.6941216e-006 -1.1899316e-006  2.6640033e-005  5.3242952e-006  2.2409648e-005 -7.8583248e-006  2.2895646e-005 -2.4550958e-006  8.8391901e-006  4.8105827e-006  1.2282030e-005  8.8866059e-006  1.8717377e-005  7.7465009e-006  1.8958140e-005  1.3066310e-005  1.9676896e-005  1.7096621e-005  2.6600670e-005  1.4767331e-005  3.1887520e-005  1.3823491e-005  3.2621237e-005 -1.6678265e-006  2.5719105e-005 -3.8633317e-007  2.5986810e-005 -1.1466237e-005  1.8194445e-005 -1.1945003e-005  1.5302859e-005 -6.2731862e-006  1.5628311e-005 -2.3432439e-006  1.8700649e-005 -2.9949064e-007
  7.6155624e-007  1.5806950e-005 -1.1899316e-006  3.0164052e-007 -2.6971845e-006  1.4650323e-005 -1.6248072e-006  1.7992038e-005 -1.7480048e-006  1.6622352e-005  1.8152223e-006  1.4780546e-005  9.4248300e-007  1.3747299e-005 -6.8883873e-007  1.4036309e-005 -7.4987072e-007  1.2687769e-005 -9.3207102e-007  1.1666109e-005 -2.6872061e-006  1.2256570e-005 -4.0273908e-006  1.2495828e-005 -4.2133837e-006  1.6422784e-005 -2.4637347e-006  1.6097933e-005 -2.5315962e-006  1.8906622e-005 -5.5627853e-007  1.9027987e-005  1.7672114e-007  1.7590215e-005  9.4220889e-008  1.6593998e-005 -6.8459826e-007  1.6075919e-005
  4.6941216e-006 -1.1899316e-006  1.7665435e-005  1.8592682e-006 -1.6625052e-005 -8.3192112e-006 -1.0015075e-005  1.2278632e-005 -1.0774447e-005  3.8360871e-006  1.1188765e-005 -7.5165354e-006  5.8093278e-006 -1.3885322e-005 -4.2459015e-006 -1.2103908e-005 -4.6220938e-006 -2.0416110e-005 -5.7451498e-006 -2.6713470e-005 -1.6563547e-005 -2.3073954e-005 -2.4824250e-005 -2.1599205e-005 -2.5970683e-005  2.6059789e-006 -1.5186101e-005  6.0364558e-007 -1.5604390e-005  1.7915996e-005 -3.4288198e-006  1.8664067e-005  1.0892833e-006  9.8018534e-006  5.8076383e-007  3.6613186e-006 -4.2197638e-006  4.6795412e-007
 -1.1899316e-006  3.0164052e-007  1.8592682e-006  2.4528687e-005  4.2143508e-006  2.1088701e-006  2.5387613e-006 -3.1125595e-006  2.7312575e-006 -9.7242504e-007 -2.8362848e-006  1.9053966e-006 -1.4726297e-006  3.5198456e-006  1.0763105e-006  3.0682678e-006  1.1716730e-006  5.1753611e-006  1.4563610e-006  6.7717042e-006  4.1987595e-006  5.8491088e-006  6.2927981e-006  5.4752686e-006  6.5834121e-006 -6.6059999e-007  3.8495854e-006 -1.5302053e-007  3.9556191e-006 -4.5415973e-006  8.6918520e-007 -4.7312289e-006 -2.7612678e-007 -2.4847109e-006 -1.4722014e-007 -9.2812227e-007  1.0696848e-006 -1.1862356e-007
  2.6640033e-005 -2.6971845e-006 -1.6625052e-005  4.2143508e-006  1.1751248e-004  2.6440976e-005  8.8032682e-005 -6.0359894e-005  9.1387230e-005 -2.4055689e-005  1.1274217e-006  2.2511462e-005  2.3334932e-005  4.8975336e-005  6.5518677e-005  4.1798090e-005  6.7119145e-005  7.6837187e-005  7.1861646e-005  1.0338342e-004  1.1727172e-004  8.8160809e-005  1.5188475e-004  8.2075420e-005  1.5671558e-004 -1.8905610e-005  1.1042655e-004 -1.0211945e-005  1.1220336e-004 -8.4672249e-005  5.9496847e-005 -8.7890111e-005  3.9793237e-005 -4.9379530e-005  4.1875408e-005 -2.2980728e-005  6.2084389e-005 -9.4070052e-006
  5.3242952e-006  1.4650323e-005 -8.3192112e-006  2.1088701e-006  2.6440976e-005  2.3808043e-005  1.9471809e-005  1.5477056e-006  2.0237834e-005  1.0188993e-005 -1.3668989e-006  2.1424285e-005  4.2459563e-006  2.8470127e-005  1.4367634e-005  2.6996140e-005  1.4664564e-005  3.5663849e-005  1.5723491e-005  4.2184303e-005  2.6449072e-005  3.8646944e-005  3.4850286e-005  3.7104249e-005  3.6021781e-005  1.1480932e-005  2.4781460e-005  1.3522434e-005  2.5201949e-005 -4.2136020e-006  1.2762887e-005 -4.9640948e-006  8.1826609e-006  4.0458918e-006  8.6954937e-006  1.0201623e-005  1.3405293e-005  1.3347066e-005
  2.2409648e-005 -1.6248072e-006 -1.0015075e-005  2.5387613e-006  8.8032682e-005  1.9471809e-005  6.8239300e-005 -4.3134416e-005  7.0319442e-005 -1.7052124e-005  3.7157398e-006  1.6780605e-005  1.9826919e-005  3.5941540e-005  5.0368826e-005  3.0690024e-005  5.1525104e-005  5.6041756e-005  5.4959725e-005  7.5268321e-005  8.7930447e-005  6.4202876e-005  1.1317072e-004  5.9768008e-005  1.1675166e-004 -1.3353144e-005  8.3643254e-005 -7.1302942e-006  8.5059906e-005 -6.0803173e-005  4.7223779e-005 -6.3152817e-005  3.2857292e-005 -3.5436959e-005  3.4208510e-005 -1.6420100e-005  4.8795544e-005 -6.5606199e-006
 -7.8583247e-006  1.7992038e-005  1.2278632e-005 -3.1125595e-006 -6.0359894e-005  1.5477056e-006 -4.3134416e-005  5.4398171e-005 -4.5075931e-005  3.1862632e-005  6.7645202e-006  3.5876425e-006 -5.9197586e-006 -1.1588018e-005 -3.0233329e-005 -7.4447450e-006 -3.1113363e-005 -2.7921775e-005 -3.3838454e-005 -4.3505155e-005 -6.0431786e-005 -3.4619710e-005 -8.1047522e-005 -3.1058683e-005 -8.4076146e-005  2.8390459e-005 -5.6545393e-005  2.3151774e-005 -5.7747257e-005  6.8512279e-005 -2.6207269e-005  7.0544035e-005 -1.4363355e-005  4.6762389e-005 -1.5838066e-005  3.0457922e-005 -2.7982855e-005  2.2248943e-005
  2.2895646e-005 -1.7480048e-006 -1.0774447e-005  2.7312575e-006  9.1387230e-005  2.0237834e-005  7.0319442e-005 -4.5075931e-005  7.2993534e-005 -1.7865821e-005  3.4310425e-006  1.7423404e-005  2.0230756e-005  3.7404909e-005  5.2092979e-005  3.1931402e-005  5.3300265e-005  5.8379838e-005  5.6884449e-005  7.8438448e-005  9.1281687e-005  6.6894772e-005  1.1761327e-004  6.2269891e-005  1.2135055e-004 -1.3986943e-005  8.6811250e-005 -7.4933016e-006  8.8203061e-005 -6.3498753e-005  4.8552471e-005 -6.5945248e-005  3.3607546e-005 -3.7017093e-005  3.5067329e-005 -1.7166798e-005  5.0332444e-005 -6.8870604e-006
 -2.4550958e-006  1.6622352e-005  3.8360872e-006 -9.7242504e-007 -2.4055689e-005  1.0188993e-005 -1.7052124e-005  3.1862632e-005 -1.7865821e-005  2.3155987e-005  3.5569315e-006  1.0752880e-005 -1.6088091e-006  4.6133045e-006 -1.1592553e-005  6.3645217e-006 -1.1953011e-005 -2.0621266e-006 -1.3075070e-005 -8.4869319e-006 -2.4064289e-005 -4.8134134e-006 -3.2576694e-005 -3.3242258e-006 -3.3809814e-005  2.1447715e-005 -2.2488739e-005  1.9313269e-005 -2.2974164e-005  3.7527182e-005 -1.0264458e-005  3.8319200e-005 -5.3993031e-006  2.8645952e-005 -5.9588338e-006  2.1992273e-005 -1.0918851e-005  1.8614987e-005
  8.8391901e-006  1.8152223e-006  1.1188765e-005 -2.8362848e-006  1.1274218e-006 -1.3668989e-006  3.7157398e-006  6.7645202e-006  3.4310425e-006  3.5569315e-006  1.2338459e-005 -9.3305222e-007  1.0013032e-005 -3.6859438e-006  5.9784605e-006 -2.9286963e-006  5.8398674e-006 -6.2169538e-006  5.4078998e-006 -8.6901006e-006  1.1641501e-006 -7.2525879e-006 -2.0739152e-006 -6.6573017e-006 -2.5054897e-006  3.0822266e-006  1.7314173e-006  2.3138928e-006  1.5734461e-006  8.9044945e-006  6.2065945e-006  9.1779904e-006  7.9239265e-006  5.7870213e-006  7.7314068e-006  3.4817682e-006  5.9982543e-006  2.3157813e-006
  4.8105827e-006  1.4780546e-005 -7.5165354e-006  1.9053966e-006  2.2511462e-005  2.1424285e-005  1.6780605e-005  3.5876425e-006  1.7423404e-005  1.0752880e-005 -9.3305223e-007  2.0872724e-005  3.6959329e-006  2.6343284e-005  1.2136635e-005  2.4770857e-005  1.2427420e-005  3.1788669e-005  1.3349593e-005  3.7109245e-005  2.2470044e-005  3.4039282e-005  2.9494751e-005  3.2767826e-005  3.0464020e-005  1.1804890e-005  2.1189509e-005  1.3508407e-005  2.1541838e-005 -1.1962527e-006  1.1197300e-005 -1.8217143e-006  7.3619323e-006  5.7157906e-006  7.7884537e-006  1.0886045e-005  1.1755365e-005  1.3539328e-005
  1.2282030e-005  9.4248300e-007  5.8093278e-006 -1.4726297e-006  2.3334932e-005  4.2459563e-006  1.9826919e-005 -5.9197586e-006  2.0230756e-005 -1.6088091e-006  1.0013032e-005  3.6959329e-006  1.3146782e-005  6.7833970e-006  1.7824349e-005  5.9556193e-006  1.7960131e-005  9.8529425e-006  1.8441870e-005  1.2784210e-005  2.3379790e-005  1.1125799e-005  2.7271087e-005  1.0451276e-005  2.7847969e-005 -9.9859135e-007  2.2472909e-005  2.0850232e-008  2.2682109e-005 -8.8096733e-006  1.6423801e-005 -9.2010381e-006  1.4085160e-005 -4.6568744e-006  1.4326791e-005 -1.5225403e-006  1.6766118e-005  1.0828455e-007
  8.8866059e-006  1.3747299e-005 -1.3885322e-005  3.5198456e-006  4.8975336e-005  2.8470127e-005  3.5941540e-005 -1.1588018e-005  3.7404909e-005  4.6133045e-006 -3.6859438e-006  2.6343284e-005  6.7833970e-006  3.9397728e-005  2.5853442e-005  3.5872460e-005  2.6489598e-005  5.1656150e-005  2.8539165e-005  6.3580417e-005  4.8915597e-005  5.6713849e-005  6.4643995e-005  5.3879643e-005  6.6827833e-005  6.9784921e-006  4.5918037e-005  1.0832807e-005  4.6712756e-005 -2.2412289e-005  2.3292455e-005 -2.3830691e-005  1.4595139e-005 -6.7603197e-006  1.5549486e-005  4.9376156e-006  2.4509387e-005  1.0938040e-005
  1.8717377e-005 -6.8883873e-007 -4.2459015e-006  1.0763105e-006  6.5518677e-005  1.4367634e-005  5.0368826e-005 -3.0233329e-005  5.2092979e-005 -1.1592553e-005  5.9784605e-006  1.2136635e-005  1.7824349e-005  2.5853442e-005  3.9980692e-005  2.2078793e-005  4.0669621e-005  4.0026545e-005  4.2936687e-005  5.3400828e-005  6.5561916e-005  4.5742391e-005  8.3067128e-005  4.2657318e-005  8.5552420e-005 -8.9341011e-006  6.1856092e-005 -4.4920010e-006  6.2766431e-005 -4.2717001e-005  3.5712146e-005 -4.4374913e-005  2.5605412e-005 -2.4637728e-005  2.6670759e-005 -1.1098191e-005  3.7062305e-005 -4.1251218e-006
  7.7465009e-006  1.4036309e-005 -1.2103908e-005  3.0682678e-006  4.1798090e-005  2.6996140e-005  3.0690024e-005 -7.4447450e-006  3.1931402e-005  6.3645217e-006 -2.9286963e-006  2.4770857e-005  5.9556193e-006  3.5872460e-005  2.2078793e-005  3.3456837e-005  2.2613390e-005  4.6838434e-005  2.4353487e-005  5.6996003e-005  4.1742586e-005  5.1147747e-005  5.5199282e-005  4.8710413e-005  5.7065946e-005  8.3922465e-006  3.9191887e-005  1.1673736e-005  3.9868915e-005 -1.6666317e-005  1.9923867e-005 -1.7871625e-005  1.2528877e-005 -3.3448129e-006  1.3345480e-005  6.6031994e-006  2.0958663e-005  1.1699841e-005
  1.8958140e-005 -7.4987072e-007 -4.6220938e-006  1.1716730e-006  6.7119145e-005  1.4664564e-005  5.1525104e-005 -3.1113363e-005  5.3300265e-005 -1.1953011e-005  5.8398674e-006  1.2427420e-005  1.7960131e-005  2.6489598e-005  4.0669621e-005  2.2613390e-005  4.1935645e-005  4.0961540e-005  4.4209510e-005  5.4592614e-005  6.7216183e-005  4.6778511e-005  8.5100739e-005  4.3627512e-005  8.7655333e-005 -9.2197859e-006  6.3331679e-005 -4.6592623e-006  6.4266480e-005 -4.3946944e-005  3.6452458e-005 -4.5653547e-005  2.6059962e-005 -2.5367803e-005  2.7151641e-005 -1.1451924e-005  3.7835161e-005 -4.2826938e-006
  1.3066310e-005  1.2687769e-005 -2.0416110e-005  5.1753611e-006  7.6837187e-005  3.5663849e-005  5.6041756e-005 -2.7921775e-005  5.8379838e-005 -2.0621266e-006 -6.2169538e-006  3.1788669e-005  9.8529425e-006  5.1656150e-005  4.0026545e-005  4.6838434e-005  4.0961540e-005  7.3164700e-005  4.4203370e-005  9.2512054e-005  7.6840427e-005  8.1352520e-005  1.0199998e-004  7.6811778e-005  1.0546760e-004  1.7096649e-006  7.1990165e-005  7.8729935e-006  7.3261879e-005 -4.5202660e-005  3.5846679e-005 -4.7458588e-005  2.1929414e-005 -2.0124101e-005  2.3455201e-005 -1.4126475e-006  3.7732844e-005  8.1649695e-006
  1.9676896e-005 -9.3207102e-007 -5.7451499e-006  1.4563610e-006  7.1861646e-005  1.5723491e-005  5.4959725e-005 -3.3838454e-005  5.6884449e-005 -1.3075070e-005  5.4078998e-006  1.3349593e-005  1.8441870e-005  2.8539165e-005  4.2936687e-005  2.4353487e-005  4.4209510e-005  4.4203371e-005  4.7202408e-005  5.8951532e-005  7.2020343e-005  5.0492458e-005  9.1347071e-005  4.7086559e-005  9.4110590e-005 -1.0112462e-005  6.7755375e-005 -5.1720244e-006  6.8768197e-005 -4.7746556e-005  3.8623471e-005 -4.9596179e-005  2.7358434e-005 -2.7609154e-005  2.8540381e-005 -1.2528155e-005  4.0115352e-005 -4.7595742e-006
  1.7096621e-005  1.1666109e-005 -2.6713470e-005  6.7717042e-006  1.0338342e-004  4.2184303e-005  7.5268321e-005 -4.3505155e-005  7.8438448e-005 -8.4869319e-006 -8.6901006e-006  3.7109245e-005  1.2784210e-005  6.3580417e-005  5.3400828e-005  5.6996003e-005  5.4592614e-005  9.2512054e-005  5.8951532e-005  1.1951398e-004  1.0345839e-004  1.0423981e-004  1.3757648e-004  9.8094724e-005  1.4224040e-004 -3.3970054e-006  9.6878682e-005  4.9672450e-006  9.8603263e-005 -6.6910535e-005  4.7910770e-005 -6.9962942e-005  2.9035514e-005 -3.2885475e-005  3.1102613e-005 -7.5083814e-006  5.0444029e-005  5.4750118e-006
  2.6600670e-005 -2.6872061e-006 -1.6563547e-005  4.1987595e-006  1.1727172e-004  2.6449072e-005  8.7930447e-005 -6.0431786e-005  9.1281687e-005 -2.4064289e-005  1.1641501e-006  2.2470044e-005  2.3379790e-005  4.8915598e-005  6.5561916e-005  4.1742586e-005  6.7216183e-005  7.6840427e-005  7.2020343e-005  1.0345839e-004  1.1758411e-004  8.8204252e-005  1.5211227e-004  8.2122631e-005  1.5685653e-004 -1.8898575e-005  1.1036872e-004 -1.0180503e-005  1.1215102e-004 -8.4780547e-005  5.9368254e-005 -8.7995250e-005  3.9642481e-005 -4.9410657e-005  4.1737773e-005 -2.2968264e-005  6.1960469e-005 -9.3840089e-006
  1.4767331e-005  1.2256570e-005 -2.3073954e-005  5.8491088e-006  8.8160809e-005  3.8646944e-005  6.4202876e-005 -3.4619710e-005  6.6894772e-005 -4.8134134e-006 -7.2525879e-006  3.4039282e-005  1.1125799e-005  5.6713849e-005  4.5742391e-005  5.1147747e-005  4.6778511e-005  8.1352520e-005  5.0492458e-005  1.0423981e-004  8.8204252e-005  9.1859334e-005  1.1724949e-004  8.6598425e-005  1.2125773e-004 -4.5175083e-007  8.2594036e-005  6.6464273e-006  8.4062168e-005 -5.4536706e-005  4.0933413e-005 -5.7131279e-005  2.4885760e-005 -2.5594280e-005  2.6649760e-005 -4.0114004e-006  4.3098415e-005  7.0271442e-006
  3.1887520e-005 -4.0273908e-006 -2.4824250e-005  6.2927981e-006  1.5188475e-004  3.4850286e-005  1.1317072e-004 -8.1047522e-005  1.1761327e-004 -3.2576694e-005 -2.0739152e-006  2.9494751e-005  2.7271087e-005  6.4643995e-005  8.3067128e-005  5.5199282e-005  8.5100739e-005  1.0199998e-004  9.1347071e-005  1.3757648e-004  1.5211227e-004  1.1724949e-004  1.9922607e-004  1.0911446e-004  2.0538295e-004 -2.5768397e-005  1.4309731e-004 -1.4027570e-005  1.4548110e-004 -1.1348481e-004  7.5164031e-005 -1.1774378e-004  4.8893403e-005 -6.6267667e-005  5.1714042e-005 -3.1008842e-005  7.8617638e-005 -1.2929634e-005
  1.3823491e-005  1.2495828e-005 -2.1599205e-005  5.4752686e-006  8.2075420e-005  3.7104249e-005  5.9768008e-005 -3.1058683e-005  6.2269891e-005 -3.3242258e-006 -6.6573017e-006  3.2767826e-005  1.0451276e-005  5.3879643e-005  4.2657318e-005  4.8710413e-005  4.3627512e-005  7.6811778e-005  4.7086559e-005  9.8094724e-005  8.2122631e-005  8.6598425e-005  1.0911446e-004  8.2278550e-005  1.1288281e-004  7.6737221e-007  7.6879402e-005  7.3426789e-006  7.8245155e-005 -4.9588961e-005  3.8123514e-005 -5.2001621e-005  2.3201200e-005 -2.2670728e-005  2.4843897e-005 -2.6009009e-006  4.0137291e-005  7.6611116e-006
  3.2621237e-005 -4.2133837e-006 -2.5970683e-005  6.5834121e-006  1.5671558e-004  3.6021781e-005  1.1675166e-004 -8.4076146e-005  1.2135055e-004 -3.3809814e-005 -2.5054897e-006  3.0464020e-005  2.7847969e-005  6.6827833e-005  8.5552420e-005  5.7065946e-005  8.7655333e-005  1.0546760e-004  9.4110590e-005  1.4224040e-004  1.5685653e-004  1.2125773e-004  2.0538295e-004  1.1288281e-004  2.1249411e-004 -2.6760583e-005  1.4779273e-004 -1.4558777e-005  1.5026713e-004 -1.1770973e-004  7.7358153e-005 -1.2211815e-004  5.0124033e-005 -6.8725368e-005  5.3057876e-005 -3.2161113e-005  8.0937362e-005 -1.3424226e-005
 -1.6678265e-006  1.6422784e-005  2.6059789e-006 -6.6059999e-007 -1.8905610e-005  1.1480932e-005 -1.3353144e-005  2.8390459e-005 -1.3986943e-005  2.1447715e-005  3.0822266e-006  1.1804890e-005 -9.9859135e-007  6.9784921e-006 -8.9341011e-006  8.3922465e-006 -9.2197859e-006  1.7096649e-006 -1.0112462e-005 -3.3970054e-006 -1.8898575e-005 -4.5175084e-007 -2.5768397e-005  7.6737221e-007 -2.6760583e-005  2.1093665e-005 -1.7686867e-005  1.8765857e-005 -1.8046556e-005  3.3041057e-005 -7.9137944e-006  3.3630786e-005 -4.0602522e-006  2.6003958e-005 -4.4945608e-006  2.0758348e-005 -8.4383704e-006  1.8083980e-005
  2.5719105e-005 -2.4637347e-006 -1.5186101e-005  3.8495854e-006  1.1042655e-004  2.4781460e-005  8.3643254e-005 -5.6545393e-005  8.6811250e-005 -2.2488739e-005  1.7314173e-006  2.1189509e-005  2.2472909e-005  4.5918037e-005  6.1856092e-005  3.9191887e-005  6.3331679e-005  7.1990165e-005  6.7755375e-005  9.6878682e-005  1.1036872e-004  8.2594036e-005  1.4309731e-004  7.6879402e-005  1.4779273e-004 -1.7686867e-005  1.0463937e-004 -9.5382322e-006  1.0629978e-004 -7.9366288e-005  5.6820385e-005 -8.2404743e-005  3.8310760e-005 -4.6299486e-005  4.0240546e-005 -2.1539740e-005  5.9233092e-005 -8.7850049e-006
 -3.8633317e-007  1.6097933e-005  6.0364558e-007 -1.5302053e-007 -1.0211946e-005  1.3522434e-005 -7.1302942e-006  2.3151774e-005 -7.4933016e-006  1.9313269e-005  2.3138928e-006  1.3508407e-005  2.0850233e-008  1.0832807e-005 -4.4920010e-006  1.1673736e-005 -4.6592623e-006  7.8729935e-006 -5.1720244e-006  4.9672450e-006 -1.0180503e-005  6.6464273e-006 -1.4027570e-005  7.3426789e-006 -1.4558777e-005  1.8765857e-005 -9.5382322e-006  1.7843734e-005 -9.7414642e-006  2.5733834e-005 -4.0899381e-006  2.6064403e-005 -1.9021056e-006  2.1748807e-005 -2.1412722e-006  1.8759741e-005 -4.3952081e-006  1.7223663e-005
  2.5986810e-005 -2.5315962e-006 -1.5604390e-005  3.9556191e-006  1.1220336e-004  2.5201949e-005  8.5059906e-005 -5.7747257e-005  8.8203061e-005 -2.2974164e-005  1.5734461e-006  2.1541838e-005  2.2682109e-005  4.6712756e-005  6.2766431e-005  3.9868915e-005  6.4266480e-005  7.3261879e-005  6.8768197e-005  9.8603263e-005  1.1215102e-004  8.4062168e-005  1.4548110e-004  7.8245155e-005  1.5026713e-004 -1.8046556e-005  1.0629978e-004 -9.7414642e-006  1.0861192e-004 -8.1123407e-005  5.7721617e-005 -8.4219594e-005  3.8758756e-005 -4.7237735e-005  4.0729618e-005 -2.1953538e-005  6.0079874e-005 -8.9648096e-006
 -1.1466237e-005  1.8906622e-005  1.7915996e-005 -4.5415973e-006 -8.4672249e-005 -4.2136020e-006 -6.0803173e-005  6.8512279e-005 -6.3498753e-005  3.7527182e-005  8.9044945e-006 -1.1962527e-006 -8.8096733e-006 -2.2412289e-005 -4.2717001e-005 -1.6666317e-005 -4.3946944e-005 -4.5202660e-005 -4.7746556e-005 -6.6910535e-005 -8.4780547e-005 -5.4536706e-005 -1.1348481e-004 -4.9588961e-005 -1.1770973e-004  3.3041057e-005 -7.9366288e-005  2.5733834e-005 -8.1123407e-005  8.9730064e-005 -3.6786642e-005  9.1996812e-005 -2.0306164e-005  5.8816971e-005 -2.2411581e-005  3.6094881e-005 -3.9378001e-005  2.4675017e-005
  1.8194445e-005 -5.5627853e-007 -3.4288198e-006  8.6918521e-007  5.9496847e-005  1.2762887e-005  4.7223779e-005 -2.6207269e-005  4.8552471e-005 -1.0264458e-005  6.2065945e-006  1.1197300e-005  1.6423800e-005  2.3292455e-005  3.5712146e-005  1.9923867e-005  3.6452458e-005  3.5846679e-005  3.8623471e-005  4.7910770e-005  5.9368254e-005  4.0933413e-005  7.5164031e-005  3.8123514e-005  7.7358153e-005 -7.9137944e-006  5.6820385e-005 -4.0899381e-006  5.7721617e-005 -3.6786642e-005  3.5016037e-005 -3.8193184e-005  2.6005686e-005 -2.1404335e-005  2.6577404e-005 -9.8511998e-006  3.5476781e-005 -3.7267319e-006
 -1.1945003e-005  1.9027987e-005  1.8664067e-005 -4.7312289e-006 -8.7890111e-005 -4.9640948e-006 -6.3152817e-005  7.0544035e-005 -6.5945248e-005  3.8319200e-005  9.1779904e-006 -1.8217143e-006 -9.2010381e-006 -2.3830691e-005 -4.4374913e-005 -1.7871625e-005 -4.5653546e-005 -4.7458588e-005 -4.9596179e-005 -6.9962942e-005 -8.7995250e-005 -5.7131279e-005 -1.1774378e-004 -5.2001621e-005 -1.2211815e-004  3.3630786e-005 -8.2404743e-005  2.6064403e-005 -8.4219594e-005  9.1996812e-005 -3.8193184e-005  9.4976002e-005 -2.1074543e-005  6.0481269e-005 -2.3272839e-005  3.6860426e-005 -4.0897202e-005  2.4997262e-005
  1.5302859e-005  1.7672114e-007  1.0892833e-006 -2.7612678e-007  3.9793237e-005  8.1826609e-006  3.2857292e-005 -1.4363355e-005  3.3607546e-005 -5.3993031e-006  7.9239265e-006  7.3619324e-006  1.4085160e-005  1.4595139e-005  2.5605412e-005  1.2528877e-005  2.6059962e-005  2.1929414e-005  2.7358434e-005  2.9035514e-005  3.9642481e-005  2.4885760e-005  4.8893403e-005  2.3201200e-005  5.0124033e-005 -4.0602522e-006  3.8310760e-005 -1.9021056e-006  3.8758756e-005 -2.0306164e-005  2.6005686e-005 -2.1074543e-005  2.1370920e-005 -1.1868093e-005  2.1384790e-005 -5.4268786e-006  2.6344849e-005 -1.7849486e-006
 -6.2731862e-006  1.7590215e-005  9.8018534e-006 -2.4847109e-006 -4.9379530e-005  4.0458918e-006 -3.5436959e-005  4.6762389e-005 -3.7017093e-005  2.8645952e-005  5.7870213e-006  5.7157906e-006 -4.6568744e-006 -6.7603197e-006 -2.4637728e-005 -3.3448129e-006 -2.5367803e-005 -2.0124101e-005 -2.7609154e-005 -3.2885475e-005 -4.9410657e-005 -2.5594280e-005 -6.6267667e-005 -2.2670728e-005 -6.8725368e-005  2.6003958e-005 -4.6299486e-005  2.1748807e-005 -4.7237735e-005  5.8816971e-005 -2.1404335e-005  6.0481269e-005 -1.1868093e-005  4.1757746e-005 -1.3030268e-005  2.8206449e-005 -2.2998227e-005  2.1188963e-005
  1.5628311e-005  9.4220889e-008  5.8076383e-007 -1.4722014e-007  4.1875408e-005  8.6954937e-006  3.4208510e-005 -1.5838066e-005  3.5067329e-005 -5.9588338e-006  7.7314068e-006  7.7884537e-006  1.4326791e-005  1.5549486e-005  2.6670759e-005  1.3345480e-005  2.7151641e-005  2.3455201e-005  2.8540381e-005  3.1102613e-005  4.1737773e-005  2.6649760e-005  5.1714042e-005  2.4843897e-005  5.3057876e-005 -4.4945608e-006  4.0240546e-005 -2.1412722e-006  4.0729618e-005 -2.2411581e-005  2.6577404e-005 -2.3272839e-005  2.1384790e-005 -1.3030268e-005  2.1998880e-005 -5.9405931e-006  2.7374722e-005 -2.0037665e-006
 -2.3432439e-006  1.6593998e-005  3.6613186e-006 -9.2812227e-007 -2.2980728e-005  1.0201623e-005 -1.6420100e-005  3.0457922e-005 -1.7166798e-005  2.1992273e-005  3.4817682e-006  1.0886045e-005 -1.5225403e-006  4.9376156e-006 -1.1098191e-005  6.6031994e-006 -1.1451924e-005 -1.4126475e-006 -1.2528155e-005 -7.5083814e-006 -2.2968264e-005 -4.0114004e-006 -3.1008842e-005 -2.6009009e-006 -3.2161113e-005  2.0758348e-005 -2.1539740e-005  1.8759741e-005 -2.1953538e-005  3.6094881e-005 -9.8511998e-006  3.6860426e-005 -5.4268786e-006  2.8206449e-005 -5.9405931e-006  2.2147823e-005 -1.0561570e-005  1.8549722e-005
  1.8700649e-005 -6.8459826e-007 -4.2197639e-006  1.0696848e-006  6.2084389e-005  1.3405293e-005  4.8795544e-005 -2.7982855e-005  5.0332444e-005 -1.0918852e-005  5.9982543e-006  1.1755365e-005  1.6766118e-005  2.4509387e-005  3.7062305e-005  2.0958663e-005  3.7835161e-005  3.7732844e-005  4.0115352e-005  5.0444029e-005  6.1960469e-005  4.3098415e-005  7.8617638e-005  4.0137291e-005  8.0937362e-005 -8.4383704e-006  5.9233092e-005 -4.3952081e-006  6.0079874e-005 -3.9378001e-005  3.5476781e-005 -4.0897202e-005  2.6344849e-005 -2.2998227e-005  2.7374722e-005 -1.0561570e-005  3.7148753e-005 -4.0694933e-006
 -2.9949064e-007  1.6075919e-005  4.6795412e-007 -1.1862356e-007 -9.4070052e-006  1.3347066e-005 -6.5606199e-006  2.2248943e-005 -6.8870604e-006  1.8614987e-005  2.3157813e-006  1.3539328e-005  1.0828456e-007  1.0938040e-005 -4.1251218e-006  1.1699841e-005 -4.2826938e-006  8.1649695e-006 -4.7595742e-006  5.4750118e-006 -9.3840089e-006  7.0271442e-006 -1.2929634e-005  7.6611116e-006 -1.3424226e-005  1.8083980e-005 -8.7850049e-006  1.7223663e-005 -8.9648096e-006  2.4675017e-005 -3.7267319e-006  2.4997262e-005 -1.7849486e-006  2.1188963e-005 -2.0037665e-006  1.8549722e-005 -4.0694933e-006  1.7176509e-005
