5588796.10 612737.17 -839572.81 212826.66 0.00 0.00 0.00 0.00 0.00 0.00 -811712.40 -434704.89 -186726.29 -221067.68 0.00 0.00 0.00 0.00 0.00 0.00 0.00 0.00 0.00 0.00 0.00 0.00 0.00 0.00 0.00 0.00 0.00 0.00 0.00 0.00 -421407.51 -280324.97 -1065875.90 110533.70
612737.17 84008969.29 60723.46 -15393.03 0.00 0.00 0.00 0.00 0.00 0.00 -717260.59 -1365463.26 181895.00 215347.86 0.00 0.00 0.00 0.00 0.00 0.00 0.00 0.00 0.00 0.00 0.00 0.00 0.00 0.00 0.00 0.00 0.00 0.00 0.00 0.00 78377.21 52137.39 -216472.26 -2426646.27
-839572.81 60723.46 179155268.89 -136156.23 0.00 0.00 0.00 0.00 0.00 0.00 -167085.17 162762.07 0.00 0.00 0.00 0.00 0.00 0.00 0.00 0.00 0.00 0.00 0.00 0.00 0.00 0.00 0.00 0.00 0.00 0.00 0.00 0.00 0.00 0.00 0.00 0.00 469539.80 -87329.29
212826.66 -15393.03 -136156.23 205243314.69 0.00 0.00 0.00 0.00 0.00 0.00 42355.09 -41259.21 0.00 0.00 0.00 0.00 0.00 0.00 0.00 0.00 0.00 0.00 0.00 0.00 0.00 0.00 0.00 0.00 0.00 0.00 0.00 0.00 0.00 0.00 0.00 0.00 -119025.52 22137.45
0.00 0.00 0.00 0.00 2227853.84 135213.69 0.00 0.00 0.00 0.00 0.00 0.00 169774.32 -30077.72 -359600.11 -125596.94 0.00 0.00 640.77 -215.57 -1371445.25 -35857.63 0.00 0.00 0.00 0.00 -667223.58 56534.17 0.00 0.00 0.00 0.00 0.00 0.00 0.00 0.00 0.00 0.00
0.00 0.00 0.00 0.00 135213.69 1617691.45 0.00 0.00 0.00 0.00 0.00 0.00 -51905.36 9195.71 -103769.30 -660614.35 0.00 0.00 -153716.56 51713.20 149839.41 -492564.84 0.00 0.00 0.00 0.00 24338.13 -525421.17 0.00 0.00 0.00 0.00 0.00 0.00 0.00 0.00 0.00 0.00
0.00 0.00 0.00 0.00 0.00 0.00 2540671.76 -230764.56 -1512636.28 -223141.08 0.00 0.00 0.00 0.00 0.00 0.00 0.00 0.00 0.00 0.00 0.00 0.00 0.00 0.00 0.00 0.00 49173.72 36029.83 -169279.10 -10400.57 -907930.10 428276.38 0.00 0.00 0.00 0.00 0.00 0.00
0.00 0.00 0.00 0.00 0.00 0.00 -230764.56 2369216.62 -511041.03 -1450715.18 0.00 0.00 0.00 0.00 0.00 0.00 0.00 0.00 0.00 0.00 0.00 0.00 0.00 0.00 0.00 0.00 546703.66 400572.51 -164117.66 -10083.45 359219.59 -1308990.50 0.00 0.00 0.00 0.00 0.00 0.00
0.00 0.00 0.00 0.00 0.00 0.00 -1512636.28 -511041.03 3370908.78 748761.22 0.00 0.00 0.00 0.00 0.00 0.00 0.00 0.00 0.00 0.00 0.00 0.00 0.00 0.00 371608.95 -68995.26 -2251833.31 -190007.47 0.00 0.00 21951.86 21282.53 0.00 0.00 0.00 0.00 0.00 0.00
0.00 0.00 0.00 0.00 0.00 0.00 -223141.08 -1450715.18 748761.22 3304782.07 0.00 0.00 0.00 0.00 0.00 0.00 0.00 0.00 0.00 0.00 0.00 0.00 0.00 0.00 272279.74 -50553.17 -1041956.29 -2040128.66 0.00 0.00 244056.41 236614.94 0.00 0.00 0.00 0.00 0.00 0.00
-811712.40 -717260.59 -167085.17 42355.09 0.00 0.00 0.00 0.00 0.00 0.00 2071456.12 81082.01 -1299476.19 630463.92 206817.64 -36640.42 0.00 0.00 0.00 0.00 0.00 0.00 0.00 0.00 0.00 0.00 0.00 0.00 0.00 0.00 0.00 0.00 0.00 0.00 0.00 0.00 0.00 0.00
-434704.89 -1365463.26 162762.07 -41259.21 0.00 0.00 0.00 0.00 0.00 0.00 81082.01 2774995.37 -53993.29 -1324893.83 244854.10 -43379.08 0.00 0.00 0.00 0.00 0.00 0.00 0.00 0.00 0.00 0.00 0.00 0.00 0.00 0.00 0.00 0.00 0.00 0.00 0.00 0.00 0.00 0.00
-186726.29 181895.00 0.00 0.00 169774.32 -51905.36 0.00 0.00 0.00 0.00 -1299476.19 -53993.29 2493950.68 -64041.32 -1193303.99 -360656.37 15781.47 348701.34 0.00 0.00 0.00 0.00 0.00 0.00 0.00 0.00 0.00 0.00 0.00 0.00 0.00 0.00 0.00 0.00 0.00 0.00 0.00 0.00
-221067.68 215347.86 0.00 0.00 -30077.72 9195.71 0.00 0.00 0.00 0.00 630463.92 -1324893.83 -64041.32 2416571.37 -312481.30 -1254444.15 -2795.89 -61776.96 0.00 0.00 0.00 0.00 0.00 0.00 0.00 0.00 0.00 0.00 0.00 0.00 0.00 0.00 0.00 0.00 0.00 0.00 0.00 0.00
0.00 0.00 0.00 0.00 -359600.11 -103769.30 0.00 0.00 0.00 0.00 206817.64 244854.10 -1193303.99 -312481.30 2830471.18 492445.52 -1488747.58 -345513.06 4362.86 24464.05 0.00 0.00 0.00 0.00 0.00 0.00 0.00 0.00 0.00 0.00 0.00 0.00 0.00 0.00 0.00 0.00 0.00 0.00
0.00 0.00 0.00 0.00 -125596.94 -660614.35 0.00 0.00 0.00 0.00 -36640.42 -43379.08 -360656.37 -1254444.15 492445.52 2755520.24 -65951.86 -1337630.92 96400.07 540548.25 0.00 0.00 0.00 0.00 0.00 0.00 0.00 0.00 0.00 0.00 0.00 0.00 0.00 0.00 0.00 0.00 0.00 0.00
0.00 0.00 0.00 0.00 0.00 0.00 0.00 0.00 0.00 0.00 0.00 0.00 15781.47 -2795.89 -1488747.58 -65951.86 2973603.80 72660.16 -1562752.93 16984.34 62115.24 -20896.76 0.00 0.00 0.00 0.00 0.00 0.00 0.00 0.00 0.00 0.00 0.00 0.00 0.00 0.00 0.00 0.00
0.00 0.00 0.00 0.00 0.00 0.00 0.00 0.00 0.00 0.00 0.00 0.00 348701.34 -61776.96 -345513.06 -1337630.92 72660.16 3324656.03 -424149.89 -1808072.87 348301.45 -117175.28 0.00 0.00 0.00 0.00 0.00 0.00 0.00 0.00 0.00 0.00 0.00 0.00 0.00 0.00 0.00 0.00
0.00 0.00 0.00 0.00 640.77 -153716.56 0.00 0.00 0.00 0.00 0.00 0.00 0.00 0.00 4362.86 96400.07 -1562752.93 -424149.89 2372723.33 634713.63 -1098094.29 -102702.94 283120.26 -50544.31 0.00 0.00 0.00 0.00 0.00 0.00 0.00 0.00 0.00 0.00 0.00 0.00 0.00 0.00
0.00 0.00 0.00 0.00 -215.57 51713.20 0.00 0.00 0.00 0.00 0.00 0.00 0.00 0.00 24464.05 540548.25 16984.34 -1808072.87 634713.63 2766828.51 -580699.37 -1568021.15 -95247.08 17004.07 0.00 0.00 0.00 0.00 0.00 0.00 0.00 0.00 0.00 0.00 0.00 0.00 0.00 0.00
0.00 0.00 0.00 0.00 -1371445.25 149839.41 0.00 0.00 0.00 0.00 0.00 0.00 0.00 0.00 0.00 0.00 62115.24 348301.45 -1098094.29 -580699.37 3552209.02 200576.62 -1151408.89 25414.57 6755.00 -142621.43 -130.83 -811.26 0.00 0.00 0.00 0.00 0.00 0.00 0.00 0.00 0.00 0.00
0.00 0.00 0.00 0.00 -35857.63 -492564.84 0.00 0.00 0.00 0.00 0.00 0.00 0.00 0.00 0.00 0.00 -20896.76 -117175.28 -102702.94 -1568021.15 200576.62 3771381.60 -71298.14 -1813697.34 -1205.94 25461.62 31384.79 194615.39 0.00 0.00 0.00 0.00 0.00 0.00 0.00 0.00 0.00 0.00
0.00 0.00 0.00 0.00 0.00 0.00 0.00 0.00 0.00 0.00 0.00 0.00 0.00 0.00 0.00 0.00 0.00 0.00 283120.26 -95247.08 -1151408.89 -71298.14 2327190.56 88403.71 -1454737.32 77368.28 -4164.61 773.23 0.00 0.00 0.00 0.00 0.00 0.00 0.00 0.00 0.00 0.00
0.00 0.00 0.00 0.00 0.00 0.00 0.00 0.00 0.00 0.00 0.00 0.00 0.00 0.00 0.00 0.00 0.00 0.00 -50544.31 17004.07 25414.57 -1813697.34 88403.71 1915961.08 -151203.42 -102942.28 87929.44 -16325.53 0.00 0.00 0.00 0.00 0.00 0.00 0.00 0.00 0.00 0.00
0.00 0.00 0.00 0.00 0.00 0.00 0.00 0.00 371608.95 272279.74 0.00 0.00 0.00 0.00 0.00 0.00 0.00 0.00 0.00 0.00 6755.00 -1205.94 -1454737.32 -151203.42 2338598.49 273610.18 -1444946.63 -547644.97 -3780.57 156472.08 0.00 0.00 0.00 0.00 0.00 0.00 186502.08 -2307.67
0.00 0.00 0.00 0.00 0.00 0.00 0.00 0.00 -68995.26 -50553.17 0.00 0.00 0.00 0.00 0.00 0.00 0.00 0.00 0.00 0.00 -142621.43 25461.62 77368.28 -102942.28 273610.18 1582200.44 -105436.55 -1425543.48 701.92 -29051.59 0.00 0.00 0.00 0.00 0.00 0.00 -34627.15 428.46
0.00 0.00 0.00 0.00 -667223.58 24338.13 49173.72 546703.66 -2251833.31 -1041956.29 0.00 0.00 0.00 0.00 0.00 0.00 0.00 0.00 0.00 0.00 -130.83 31384.79 -4164.61 87929.44 -1444946.63 -105436.55 6421635.75 657181.82 -1489458.88 -187789.94 -3127.55 -192.16 0.00 0.00 369793.62 245990.84 -979717.69 -258153.73
0.00 0.00 0.00 0.00 56534.17 -525421.17 36029.83 400572.51 -190007.47 -2040128.66 0.00 0.00 0.00 0.00 0.00 0.00 0.00 0.00 0.00 0.00 -811.26 194615.39 773.23 -16325.53 -547644.97 -1425543.48 657181.82 5169310.70 -161656.76 -171876.57 129444.82 7953.14 0.00 0.00 -4575.62 -3043.76 24732.21 -1590112.57
0.00 0.00 0.00 0.00 0.00 0.00 -169279.10 -164117.66 0.00 0.00 0.00 0.00 0.00 0.00 0.00 0.00 0.00 0.00 0.00 0.00 0.00 0.00 0.00 0.00 -3780.57 701.92 -1489458.88 -161656.76 2047322.10 106179.58 -491570.96 428316.13 106767.42 -209423.22 0.00 0.00 0.00 0.00
0.00 0.00 0.00 0.00 0.00 0.00 -10400.57 -10083.45 0.00 0.00 0.00 0.00 0.00 0.00 0.00 0.00 0.00 0.00 0.00 0.00 0.00 0.00 0.00 0.00 156472.08 -29051.59 -187789.94 -171876.57 106179.58 1651129.36 -71020.98 -1427250.72 6559.83 -12867.04 0.00 0.00 0.00 0.00
0.00 0.00 0.00 0.00 0.00 0.00 -907930.10 359219.59 21951.86 244056.41 0.00 0.00 0.00 0.00 0.00 0.00 0.00 0.00 0.00 0.00 0.00 0.00 0.00 0.00 0.00 0.00 -3127.55 129444.82 -491570.96 -71020.98 2796603.46 -490910.48 -1399310.40 29857.70 -16616.30 -200647.06 0.00 0.00
0.00 0.00 0.00 0.00 0.00 0.00 428276.38 -1308990.50 21282.53 236614.94 0.00 0.00 0.00 0.00 0.00 0.00 0.00 0.00 0.00 0.00 0.00 0.00 0.00 0.00 0.00 0.00 -192.16 7953.14 428316.13 -1427250.72 -490910.48 3236020.87 -419365.11 -1137914.92 32592.70 393567.20 0.00 0.00
0.00 0.00 0.00 0.00 0.00 0.00 0.00 0.00 0.00 0.00 0.00 0.00 0.00 0.00 0.00 0.00 0.00 0.00 0.00 0.00 0.00 0.00 0.00 0.00 0.00 0.00 0.00 0.00 106767.42 6559.83 -1399310.40 -419365.11 2850103.75 205116.89 -1614363.16 169902.80 56802.40 37785.59
0.00 0.00 0.00 0.00 0.00 0.00 0.00 0.00 0.00 0.00 0.00 0.00 0.00 0.00 0.00 0.00 0.00 0.00 0.00 0.00 0.00 0.00 0.00 0.00 0.00 0.00 0.00 0.00 -209423.22 -12867.04 29857.70 -1137914.92 205116.89 3034083.07 -711458.38 -2339574.09 685907.01 456272.98
-421407.51 78377.21 0.00 0.00 0.00 0.00 0.00 0.00 0.00 0.00 0.00 0.00 0.00 0.00 0.00 0.00 0.00 0.00 0.00 0.00 0.00 0.00 0.00 0.00 0.00 0.00 369793.62 -4575.62 0.00 0.00 -16616.30 32592.70 -1614363.16 -711458.38 3904268.94 1199726.28 -2221675.61 -594662.19
-280324.97 52137.39 0.00 0.00 0.00 0.00 0.00 0.00 0.00 0.00 0.00 0.00 0.00 0.00 0.00 0.00 0.00 0.00 0.00 0.00 0.00 0.00 0.00 0.00 0.00 0.00 245990.84 -3043.76 0.00 0.00 -200647.06 393567.20 169902.80 -2339574.09 1199726.28 4213915.83 -1134647.89 -2317002.58
-1065875.90 -216472.26 469539.80 -119025.52 0.00 0.00 0.00 0.00 0.00 0.00 0.00 0.00 0.00 0.00 0.00 0.00 0.00 0.00 0.00 0.00 0.00 0.00 0.00 0.00 186502.08 -34627.15 -979717.69 24732.21 0.00 0.00 0.00 0.00 56802.40 685907.01 -2221675.61 -1134647.89 3554424.93 794133.60
110533.70 -2426646.27 -87329.29 22137.45 0.00 0.00 0.00 0.00 0.00 0.00 0.00 0.00 0.00 0.00 0.00 0.00 0.00 0.00 0.00 0.00 0.00 0.00 0.00 0.00 -2307.67 428.46 -258153.73 -1590112.57 0.00 0.00 0.00 0.00 37785.59 456272.98 -594662.19 -2317002.58 794133.60 5854922.53
