409947307.02 689998.37 -828956.47 210135.48 0.00 0.00 0.00 0.00 0.00 0.00 -815949.92 -545781.79 -138803.56 -164331.34 0.00 0.00 0.00 0.00 0.00 0.00 0.00 0.00 0.00 0.00 0.00 0.00 0.00 0.00 0.00 0.00 0.00 0.00 0.00 0.00 -403421.39 -268360.40 -1069048.54 78339.68
689998.37 33774911.40 45022.91 -11413.04 0.00 0.00 0.00 0.00 0.00 0.00 -711779.67 -1282157.76 135212.21 160079.50 0.00 0.00 0.00 0.00 0.00 0.00 0.00 0.00 0.00 0.00 0.00 0.00 0.00 0.00 0.00 0.00 0.00 0.00 0.00 0.00 75031.99 49912.12 -233485.80 -2514587.88
-828956.47 45022.91 134706323.20 -138572.39 0.00 0.00 0.00 0.00 0.00 0.00 -185317.33 180522.50 0.00 0.00 0.00 0.00 0.00 0.00 0.00 0.00 0.00 0.00 0.00 0.00 0.00 0.00 0.00 0.00 0.00 0.00 0.00 0.00 0.00 0.00 0.00 0.00 467624.18 -86973.01
210135.48 -11413.04 -138572.39 281929007.59 0.00 0.00 0.00 0.00 0.00 0.00 46976.83 -45761.37 0.00 0.00 0.00 0.00 0.00 0.00 0.00 0.00 0.00 0.00 0.00 0.00 0.00 0.00 0.00 0.00 0.00 0.00 0.00 0.00 0.00 0.00 0.00 0.00 -118539.92 22047.14
0.00 0.00 0.00 0.00 2806695.13 163646.52 0.00 0.00 0.00 0.00 0.00 0.00 187740.29 -33260.62 -406948.05 -169287.54 0.00 0.00 656.85 -220.98 -1746876.75 -40447.01 0.00 0.00 0.00 0.00 -841267.47 79569.63 0.00 0.00 0.00 0.00 0.00 0.00 0.00 0.00 0.00 0.00
0.00 0.00 0.00 0.00 163646.52 1874877.01 0.00 0.00 0.00 0.00 0.00 0.00 -57398.12 10168.82 -145150.04 -829954.63 0.00 0.00 -157572.92 53010.55 152273.45 -528091.20 0.00 0.00 0.00 0.00 44201.11 -580010.55 0.00 0.00 0.00 0.00 0.00 0.00 0.00 0.00 0.00 0.00
0.00 0.00 0.00 0.00 0.00 0.00 2803972.61 -298589.87 -1683009.30 -231783.53 0.00 0.00 0.00 0.00 0.00 0.00 0.00 0.00 0.00 0.00 0.00 0.00 0.00 0.00 0.00 0.00 44655.16 32719.06 -153610.49 -9437.88 -1012007.97 507092.23 0.00 0.00 0.00 0.00 0.00 0.00
0.00 0.00 0.00 0.00 0.00 0.00 -298589.87 2515775.55 -447777.98 -1442896.67 0.00 0.00 0.00 0.00 0.00 0.00 0.00 0.00 0.00 0.00 0.00 0.00 0.00 0.00 0.00 0.00 496467.14 363763.96 -148926.79 -9150.12 398827.50 -1427492.72 0.00 0.00 0.00 0.00 0.00 0.00
0.00 0.00 0.00 0.00 0.00 0.00 -1683009.30 -447777.98 3434576.02 614832.02 0.00 0.00 0.00 0.00 0.00 0.00 0.00 0.00 0.00 0.00 0.00 0.00 0.00 0.00 351673.35 -65293.89 -2127653.41 -125429.11 0.00 0.00 24413.33 23668.95 0.00 0.00 0.00 0.00 0.00 0.00
0.00 0.00 0.00 0.00 0.00 0.00 -231783.53 -1442896.67 614832.02 3174964.43 0.00 0.00 0.00 0.00 0.00 0.00 0.00 0.00 0.00 0.00 0.00 0.00 0.00 0.00 257672.83 -47841.16 -912143.90 -1947373.31 0.00 0.00 271422.59 263146.71 0.00 0.00 0.00 0.00 0.00 0.00
-815949.92 -711779.67 -185317.33 46976.83 0.00 0.00 0.00 0.00 0.00 0.00 2196822.69 -625.75 -1410562.92 703519.95 215007.48 -38091.36 0.00 0.00 0.00 0.00 0.00 0.00 0.00 0.00 0.00 0.00 0.00 0.00 0.00 0.00 0.00 0.00 0.00 0.00 0.00 0.00 0.00 0.00
-545781.79 -1282157.76 180522.50 -45761.37 0.00 0.00 0.00 0.00 0.00 0.00 -625.75 2652357.19 111334.88 -1279341.20 254550.16 -45096.86 0.00 0.00 0.00 0.00 0.00 0.00 0.00 0.00 0.00 0.00 0.00 0.00 0.00 0.00 0.00 0.00 0.00 0.00 0.00 0.00 0.00 0.00
-138803.56 135212.21 0.00 0.00 187740.29 -57398.12 0.00 0.00 0.00 0.00 -1410562.92 111334.88 2539576.04 -169787.07 -1190290.36 -292033.29 12340.52 272671.38 0.00 0.00 0.00 0.00 0.00 0.00 0.00 0.00 0.00 0.00 0.00 0.00 0.00 0.00 0.00 0.00 0.00 0.00 0.00 0.00
-164331.34 160079.50 0.00 0.00 -33260.62 10168.82 0.00 0.00 0.00 0.00 703519.95 -1279341.20 -169787.07 2477300.55 -333954.64 -1319900.40 -2186.28 -48307.27 0.00 0.00 0.00 0.00 0.00 0.00 0.00 0.00 0.00 0.00 0.00 0.00 0.00 0.00 0.00 0.00 0.00 0.00 0.00 0.00
0.00 0.00 0.00 0.00 -406948.05 -145150.04 0.00 0.00 0.00 0.00 215007.48 254550.16 -1190290.36 -333954.64 2858882.21 465829.00 -1481094.96 -266191.75 4443.69 24917.28 0.00 0.00 0.00 0.00 0.00 0.00 0.00 0.00 0.00 0.00 0.00 0.00 0.00 0.00 0.00 0.00 0.00 0.00
0.00 0.00 0.00 0.00 -169287.54 -829954.63 0.00 0.00 0.00 0.00 -38091.36 -45096.86 -292033.29 -1319900.40 465829.00 2918642.19 -64602.82 -1274252.97 98186.01 550562.67 0.00 0.00 0.00 0.00 0.00 0.00 0.00 0.00 0.00 0.00 0.00 0.00 0.00 0.00 0.00 0.00 0.00 0.00
0.00 0.00 0.00 0.00 0.00 0.00 0.00 0.00 0.00 0.00 0.00 0.00 12340.52 -2186.28 -1481094.96 -64602.82 3228208.75 24624.12 -1820131.27 62577.88 60676.96 -20412.89 0.00 0.00 0.00 0.00 0.00 0.00 0.00 0.00 0.00 0.00 0.00 0.00 0.00 0.00 0.00 0.00
0.00 0.00 0.00 0.00 0.00 0.00 0.00 0.00 0.00 0.00 0.00 0.00 272671.38 -48307.27 -266191.75 -1274252.97 24624.12 3263943.56 -371340.28 -1826921.23 340236.53 -114462.09 0.00 0.00 0.00 0.00 0.00 0.00 0.00 0.00 0.00 0.00 0.00 0.00 0.00 0.00 0.00 0.00
0.00 0.00 0.00 0.00 656.85 -157572.92 0.00 0.00 0.00 0.00 0.00 0.00 0.00 0.00 4443.69 98186.01 -1820131.27 -371340.28 2586781.77 508652.96 -1032011.60 -31462.51 260260.57 -46463.26 0.00 0.00 0.00 0.00 0.00 0.00 0.00 0.00 0.00 0.00 0.00 0.00 0.00 0.00
0.00 0.00 0.00 0.00 -220.98 53010.55 0.00 0.00 0.00 0.00 0.00 0.00 0.00 0.00 24917.28 550562.67 62577.88 -1826921.23 508652.96 2546912.80 -508370.49 -1339195.92 -87556.64 15631.13 0.00 0.00 0.00 0.00 0.00 0.00 0.00 0.00 0.00 0.00 0.00 0.00 0.00 0.00
0.00 0.00 0.00 0.00 -1746876.75 152273.45 0.00 0.00 0.00 0.00 0.00 0.00 0.00 0.00 0.00 0.00 60676.96 340236.53 -1032011.60 -508370.49 3783896.22 110585.73 -1072005.39 42649.28 6464.28 -136483.30 -143.72 -891.20 0.00 0.00 0.00 0.00 0.00 0.00 0.00 0.00 0.00 0.00
0.00 0.00 0.00 0.00 -40447.01 -528091.20 0.00 0.00 0.00 0.00 0.00 0.00 0.00 0.00 0.00 0.00 -20412.89 -114462.09 -31462.51 -1339195.92 110585.73 3349687.14 -51586.59 -1606095.77 -1154.04 24365.81 34477.32 213792.02 0.00 0.00 0.00 0.00 0.00 0.00 0.00 0.00 0.00 0.00
0.00 0.00 0.00 0.00 0.00 0.00 0.00 0.00 0.00 0.00 0.00 0.00 0.00 0.00 0.00 0.00 0.00 0.00 260260.57 -87556.64 -1072005.39 -51586.59 2510491.76 78112.41 -1693490.14 60054.81 -5256.81 976.01 0.00 0.00 0.00 0.00 0.00 0.00 0.00 0.00 0.00 0.00
0.00 0.00 0.00 0.00 0.00 0.00 0.00 0.00 0.00 0.00 0.00 0.00 0.00 0.00 0.00 0.00 0.00 0.00 -46463.26 15631.13 42649.28 -1606095.77 78112.41 1717623.28 -185287.88 -106551.65 110989.45 -20607.00 0.00 0.00 0.00 0.00 0.00 0.00 0.00 0.00 0.00 0.00
0.00 0.00 0.00 0.00 0.00 0.00 0.00 0.00 351673.35 257672.83 0.00 0.00 0.00 0.00 0.00 0.00 0.00 0.00 0.00 0.00 6464.28 -1154.04 -1693490.14 -185287.88 2620933.98 315220.24 -1515428.65 -512905.52 -3124.95 129337.05 0.00 0.00 0.00 0.00 0.00 0.00 232972.14 -2882.67
0.00 0.00 0.00 0.00 0.00 0.00 0.00 0.00 -65293.89 -47841.16 0.00 0.00 0.00 0.00 0.00 0.00 0.00 0.00 0.00 0.00 -136483.30 24365.81 60054.81 -106551.65 315220.24 1665359.31 -130822.99 -1511853.99 580.20 -24013.53 0.00 0.00 0.00 0.00 0.00 0.00 -43255.07 535.21
0.00 0.00 0.00 0.00 -841267.47 44201.11 44655.16 496467.14 -2127653.41 -912143.90 0.00 0.00 0.00 0.00 0.00 0.00 0.00 0.00 0.00 0.00 -143.72 34477.32 -5256.81 110989.45 -1515428.65 -130822.99 6737655.62 530429.39 -1589245.17 -163494.30 -3098.25 -190.36 0.00 0.00 364359.66 242376.11 -1064576.98 -252288.96
0.00 0.00 0.00 0.00 79569.63 -580010.55 32719.06 363763.96 -125429.11 -1947373.31 0.00 0.00 0.00 0.00 0.00 0.00 0.00 0.00 0.00 0.00 -891.20 213792.02 976.01 -20607.00 -512905.52 -1511853.99 530429.39 5134709.94 -163159.79 -158566.24 128231.98 7878.62 0.00 0.00 -4508.39 -2999.03 34967.93 -1498734.42
0.00 0.00 0.00 0.00 0.00 0.00 -153610.49 -148926.79 0.00 0.00 0.00 0.00 0.00 0.00 0.00 0.00 0.00 0.00 0.00 0.00 0.00 0.00 0.00 0.00 -3124.95 580.20 -1589245.17 -163159.79 2156840.12 97649.16 -533138.56 453706.35 122279.05 -239849.13 0.00 0.00 0.00 0.00
0.00 0.00 0.00 0.00 0.00 0.00 -9437.88 -9150.12 0.00 0.00 0.00 0.00 0.00 0.00 0.00 0.00 0.00 0.00 0.00 0.00 0.00 0.00 0.00 0.00 129337.05 -24013.53 -163494.30 -158566.24 97649.16 1807754.85 -61566.90 -1601288.55 7512.87 -14736.42 0.00 0.00 0.00 0.00
0.00 0.00 0.00 0.00 0.00 0.00 -1012007.97 398827.50 24413.33 271422.59 0.00 0.00 0.00 0.00 0.00 0.00 0.00 0.00 0.00 0.00 0.00 0.00 0.00 0.00 0.00 0.00 -3098.25 128231.98 -533138.56 -61566.90 3204554.54 -481855.40 -1665174.94 -67310.95 -15548.15 -187748.84 0.00 0.00
0.00 0.00 0.00 0.00 0.00 0.00 507092.23 -1427492.72 23668.95 263146.71 0.00 0.00 0.00 0.00 0.00 0.00 0.00 0.00 0.00 0.00 0.00 0.00 0.00 0.00 0.00 0.00 -190.36 7878.62 453706.35 -1601288.55 -481855.40 3583017.42 -532919.32 -1193528.94 30497.54 368267.46 0.00 0.00
0.00 0.00 0.00 0.00 0.00 0.00 0.00 0.00 0.00 0.00 0.00 0.00 0.00 0.00 0.00 0.00 0.00 0.00 0.00 0.00 0.00 0.00 0.00 0.00 0.00 0.00 0.00 0.00 122279.05 7512.87 -1665174.94 -532919.32 3151355.86 321374.30 -1664104.65 167016.69 55644.68 37015.46
0.00 0.00 0.00 0.00 0.00 0.00 0.00 0.00 0.00 0.00 0.00 0.00 0.00 0.00 0.00 0.00 0.00 0.00 0.00 0.00 0.00 0.00 0.00 0.00 0.00 0.00 0.00 0.00 -239849.13 -14736.42 -67310.95 -1193528.94 321374.30 3005263.17 -686141.44 -2243971.28 671927.22 446973.47
-403421.39 75031.99 0.00 0.00 0.00 0.00 0.00 0.00 0.00 0.00 0.00 0.00 0.00 0.00 0.00 0.00 0.00 0.00 0.00 0.00 0.00 0.00 0.00 0.00 0.00 0.00 364359.66 -4508.39 0.00 0.00 -15548.15 30497.54 -1664104.65 -686141.44 3945476.87 1087544.07 -2226762.35 -502423.78
-268360.40 49912.12 0.00 0.00 0.00 0.00 0.00 0.00 0.00 0.00 0.00 0.00 0.00 0.00 0.00 0.00 0.00 0.00 0.00 0.00 0.00 0.00 0.00 0.00 0.00 0.00 242376.11 -2999.03 0.00 0.00 -187748.84 368267.46 167016.69 -2243971.28 1087544.07 4201915.28 -1040827.63 -2373124.54
-1069048.54 -233485.80 467624.18 -118539.92 0.00 0.00 0.00 0.00 0.00 0.00 0.00 0.00 0.00 0.00 0.00 0.00 0.00 0.00 0.00 0.00 0.00 0.00 0.00 0.00 232972.14 -43255.07 -1064576.98 34967.93 0.00 0.00 0.00 0.00 55644.68 671927.22 -2226762.35 -1040827.63 3604146.86 729213.28
78339.68 -2514587.88 -86973.01 22047.14 0.00 0.00 0.00 0.00 0.00 0.00 0.00 0.00 0.00 0.00 0.00 0.00 0.00 0.00 0.00 0.00 0.00 0.00 0.00 0.00 -2882.67 535.21 -252288.96 -1498734.42 0.00 0.00 0.00 0.00 37015.46 446973.47 -502423.78 -2373124.54 729213.28 5916891.03
